6.00E+00	1.00E+14	2.00E+14	3E+14	1.00E+15	2.00E+15	3.00E+15
6.01E+00	1.00E+14	2.00E+14	3.006E+14	1.00E+15	2.00E+15	3.01E+15
6.02E+00	1.00E+14	2.01E+14	3.01201E+14	1.01E+15	2.01E+15	3.02E+15
6.03E+00	1.01E+14	2.01E+14	3.01804E+14	1.01E+15	2.01E+15	3.03E+15
6.04E+00	1.01E+14	2.02E+14	3.02407E+14	1.02E+15	2.02E+15	3.04E+15
6.05E+00	1.01E+14	2.02E+14	3.03012E+14	1.02E+15	2.02E+15	3.05E+15
6.06E+00	1.01E+14	2.02E+14	3.03618E+14	1.02E+15	2.02E+15	3.05E+15
6.07E+00	1.01E+14	2.03E+14	3.04225E+14	1.03E+15	2.03E+15	3.06E+15
6.08E+00	1.02E+14	2.03E+14	3.04834E+14	1.03E+15	2.03E+15	3.07E+15
6.09E+00	1.02E+14	2.04E+14	3.05443E+14	1.04E+15	2.04E+15	3.08E+15
6.10E+00	1.02E+14	2.04E+14	3.06054E+14	1.04E+15	2.04E+15	3.09E+15
6.11E+00	1.02E+14	2.04E+14	3.06666E+14	1.04E+15	2.04E+15	3.10E+15
6.12E+00	1.02E+14	2.05E+14	3.0728E+14	1.05E+15	2.05E+15	3.11E+15
6.13E+00	1.03E+14	2.05E+14	3.07894E+14	1.05E+15	2.05E+15	3.12E+15
6.14E+00	1.03E+14	2.06E+14	3.0851E+14	1.06E+15	2.06E+15	3.13E+15
6.15E+00	1.03E+14	2.06E+14	3.09127E+14	1.06E+15	2.06E+15	3.14E+15
6.16E+00	1.03E+14	2.06E+14	3.09745E+14	1.07E+15	2.06E+15	3.15E+15
6.17E+00	1.03E+14	2.07E+14	3.10365E+14	1.07E+15	2.07E+15	3.16E+15
6.18E+00	1.04E+14	2.07E+14	3.10986E+14	1.07E+15	2.07E+15	3.17E+15
6.19E+00	1.04E+14	2.08E+14	3.11608E+14	1.08E+15	2.08E+15	3.18E+15
6.20E+00	1.04E+14	2.08E+14	3.12231E+14	1.08E+15	2.08E+15	3.19E+15
6.21E+00	1.04E+14	2.09E+14	3.12855E+14	1.09E+15	2.09E+15	3.19E+15
6.22E+00	1.04E+14	2.09E+14	3.13481E+14	1.09E+15	2.09E+15	3.20E+15
6.23E+00	1.05E+14	2.09E+14	3.14108E+14	1.10E+15	2.09E+15	3.21E+15
6.24E+00	1.05E+14	2.10E+14	3.14736E+14	1.10E+15	2.10E+15	3.22E+15
6.25E+00	1.05E+14	2.10E+14	3.15366E+14	1.10E+15	2.10E+15	3.23E+15
6.26E+00	1.05E+14	2.11E+14	3.15996E+14	1.11E+15	2.11E+15	3.24E+15
6.27E+00	1.06E+14	2.11E+14	3.16628E+14	1.11E+15	2.11E+15	3.25E+15
6.28E+00	1.06E+14	2.12E+14	3.17262E+14	1.12E+15	2.12E+15	3.26E+15
6.29E+00	1.06E+14	2.12E+14	3.17896E+14	1.12E+15	2.12E+15	3.27E+15
6.30E+00	1.06E+14	2.12E+14	3.18532E+14	1.13E+15	2.12E+15	3.28E+15
6.31E+00	1.06E+14	2.13E+14	3.19169E+14	1.13E+15	2.13E+15	3.29E+15
6.32E+00	1.07E+14	2.13E+14	3.19807E+14	1.14E+15	2.13E+15	3.30E+15
6.33E+00	1.07E+14	2.14E+14	3.20447E+14	1.14E+15	2.14E+15	3.31E+15
6.34E+00	1.07E+14	2.14E+14	3.21088E+14	1.15E+15	2.14E+15	3.32E+15
6.35E+00	1.07E+14	2.14E+14	3.2173E+14	1.15E+15	2.14E+15	3.33E+15
6.36E+00	1.07E+14	2.15E+14	3.22373E+14	1.15E+15	2.15E+15	3.34E+15
6.37E+00	1.08E+14	2.15E+14	3.23018E+14	1.16E+15	2.15E+15	3.35E+15
6.38E+00	1.08E+14	2.16E+14	3.23664E+14	1.16E+15	2.16E+15	3.36E+15
6.39E+00	1.08E+14	2.16E+14	3.24312E+14	1.17E+15	2.16E+15	3.37E+15
6.40E+00	1.08E+14	2.17E+14	3.2496E+14	1.17E+15	2.17E+15	3.38E+15
6.41E+00	1.09E+14	2.17E+14	3.2561E+14	1.18E+15	2.17E+15	3.39E+15
6.42E+00	1.09E+14	2.18E+14	3.26261E+14	1.18E+15	2.18E+15	3.40E+15
6.43E+00	1.09E+14	2.18E+14	3.26914E+14	1.19E+15	2.18E+15	3.41E+15
6.44E+00	1.09E+14	2.18E+14	3.27568E+14	1.19E+15	2.18E+15	3.42E+15
6.45E+00	1.09E+14	2.19E+14	3.28223E+14	1.20E+15	2.19E+15	3.43E+15
6.46E+00	1.10E+14	2.19E+14	3.28879E+14	1.20E+15	2.19E+15	3.44E+15
6.47E+00	1.10E+14	2.20E+14	3.29537E+14	1.21E+15	2.20E+15	3.45E+15
6.48E+00	1.10E+14	2.20E+14	3.30196E+14	1.21E+15	2.20E+15	3.46E+15
6.49E+00	1.10E+14	2.21E+14	3.30856E+14	1.22E+15	2.21E+15	3.47E+15
6.50E+00	1.11E+14	2.21E+14	3.31518E+14	1.22E+15	2.21E+15	3.48E+15
6.51E+00	1.11E+14	2.21E+14	3.32181E+14	1.23E+15	2.21E+15	3.50E+15
6.52E+00	1.11E+14	2.22E+14	3.32846E+14	1.23E+15	2.22E+15	3.51E+15
6.53E+00	1.11E+14	2.22E+14	3.33511E+14	1.24E+15	2.22E+15	3.52E+15
6.54E+00	1.11E+14	2.23E+14	3.34178E+14	1.24E+15	2.23E+15	3.53E+15
6.55E+00	1.12E+14	2.23E+14	3.34847E+14	1.25E+15	2.23E+15	3.54E+15
6.56E+00	1.12E+14	2.24E+14	3.35516E+14	1.25E+15	2.24E+15	3.55E+15
6.57E+00	1.12E+14	2.24E+14	3.36187E+14	1.26E+15	2.24E+15	3.56E+15
6.58E+00	1.12E+14	2.25E+14	3.3686E+14	1.26E+15	2.25E+15	3.57E+15
6.59E+00	1.13E+14	2.25E+14	3.37533E+14	1.27E+15	2.25E+15	3.58E+15
6.60E+00	1.13E+14	2.25E+14	3.38209E+14	1.27E+15	2.25E+15	3.59E+15
6.61E+00	1.13E+14	2.26E+14	3.38885E+14	1.28E+15	2.26E+15	3.60E+15
6.62E+00	1.13E+14	2.26E+14	3.39563E+14	1.28E+15	2.26E+15	3.61E+15
6.63E+00	1.13E+14	2.27E+14	3.40242E+14	1.29E+15	2.27E+15	3.62E+15
6.64E+00	1.14E+14	2.27E+14	3.40922E+14	1.29E+15	2.27E+15	3.63E+15
6.65E+00	1.14E+14	2.28E+14	3.41604E+14	1.30E+15	2.28E+15	3.64E+15
6.66E+00	1.14E+14	2.28E+14	3.42287E+14	1.30E+15	2.28E+15	3.66E+15
6.67E+00	1.14E+14	2.29E+14	3.42972E+14	1.31E+15	2.29E+15	3.67E+15
6.68E+00	1.15E+14	2.29E+14	3.43658E+14	1.31E+15	2.29E+15	3.68E+15
6.69E+00	1.15E+14	2.30E+14	3.44345E+14	1.32E+15	2.30E+15	3.69E+15
6.70E+00	1.15E+14	2.30E+14	3.45034E+14	1.32E+15	2.30E+15	3.70E+15
6.71E+00	1.15E+14	2.30E+14	3.45724E+14	1.33E+15	2.30E+15	3.71E+15
6.72E+00	1.15E+14	2.31E+14	3.46415E+14	1.33E+15	2.31E+15	3.72E+15
6.73E+00	1.16E+14	2.31E+14	3.47108E+14	1.34E+15	2.31E+15	3.73E+15
6.74E+00	1.16E+14	2.32E+14	3.47802E+14	1.34E+15	2.32E+15	3.74E+15
6.75E+00	1.16E+14	2.32E+14	3.48498E+14	1.35E+15	2.32E+15	3.76E+15
6.76E+00	1.16E+14	2.33E+14	3.49195E+14	1.35E+15	2.33E+15	3.77E+15
6.77E+00	1.17E+14	2.33E+14	3.49893E+14	1.36E+15	2.33E+15	3.78E+15
6.78E+00	1.17E+14	2.34E+14	3.50593E+14	1.37E+15	2.34E+15	3.79E+15
6.79E+00	1.17E+14	2.34E+14	3.51294E+14	1.37E+15	2.34E+15	3.80E+15
6.80E+00	1.17E+14	2.35E+14	3.51997E+14	1.38E+15	2.35E+15	3.81E+15
6.81E+00	1.18E+14	2.35E+14	3.52701E+14	1.38E+15	2.35E+15	3.82E+15
6.82E+00	1.18E+14	2.36E+14	3.53406E+14	1.39E+15	2.36E+15	3.84E+15
6.83E+00	1.18E+14	2.36E+14	3.54113E+14	1.39E+15	2.36E+15	3.85E+15
6.84E+00	1.18E+14	2.37E+14	3.54821E+14	1.40E+15	2.37E+15	3.86E+15
6.85E+00	1.19E+14	2.37E+14	3.55531E+14	1.40E+15	2.37E+15	3.87E+15
6.86E+00	1.19E+14	2.37E+14	3.56242E+14	1.41E+15	2.37E+15	3.88E+15
6.87E+00	1.19E+14	2.38E+14	3.56955E+14	1.42E+15	2.38E+15	3.89E+15
6.88E+00	1.19E+14	2.38E+14	3.57669E+14	1.42E+15	2.38E+15	3.90E+15
6.89E+00	1.19E+14	2.39E+14	3.58384E+14	1.43E+15	2.39E+15	3.92E+15
6.90E+00	1.20E+14	2.39E+14	3.59101E+14	1.43E+15	2.39E+15	3.93E+15
6.91E+00	1.20E+14	2.40E+14	3.59819E+14	1.44E+15	2.40E+15	3.94E+15
6.92E+00	1.20E+14	2.40E+14	3.60538E+14	1.44E+15	2.40E+15	3.95E+15
6.93E+00	1.20E+14	2.41E+14	3.6126E+14	1.45E+15	2.41E+15	3.96E+15
6.94E+00	1.21E+14	2.41E+14	3.61982E+14	1.46E+15	2.41E+15	3.98E+15
6.95E+00	1.21E+14	2.42E+14	3.62706E+14	1.46E+15	2.42E+15	3.99E+15
6.96E+00	1.21E+14	2.42E+14	3.63431E+14	1.47E+15	2.42E+15	4.00E+15
6.97E+00	1.21E+14	2.43E+14	3.64158E+14	1.47E+15	2.43E+15	4.01E+15
6.98E+00	1.22E+14	2.43E+14	3.64887E+14	1.48E+15	2.43E+15	4.02E+15
6.99E+00	1.22E+14	2.44E+14	3.65616E+14	1.48E+15	2.44E+15	4.04E+15
7.00E+00	1.22E+14	2.44E+14	3.66348E+14	1.49E+15	2.44E+15	4.05E+15
7.01E+00	1.22E+14	2.45E+14	3.6708E+14	1.50E+15	2.45E+15	4.06E+15
7.02E+00	1.23E+14	2.45E+14	3.67815E+14	1.50E+15	2.45E+15	4.07E+15
7.03E+00	1.23E+14	2.46E+14	3.6855E+14	1.51E+15	2.46E+15	4.08E+15
7.04E+00	1.23E+14	2.46E+14	3.69287E+14	1.51E+15	2.46E+15	4.10E+15
7.05E+00	1.23E+14	2.47E+14	3.70026E+14	1.52E+15	2.47E+15	4.11E+15
7.06E+00	1.24E+14	2.47E+14	3.70766E+14	1.53E+15	2.47E+15	4.12E+15
7.07E+00	1.24E+14	2.48E+14	3.71507E+14	1.53E+15	2.48E+15	4.13E+15
7.08E+00	1.24E+14	2.48E+14	3.7225E+14	1.54E+15	2.48E+15	4.15E+15
7.09E+00	1.24E+14	2.49E+14	3.72995E+14	1.55E+15	2.49E+15	4.16E+15
7.10E+00	1.25E+14	2.49E+14	3.73741E+14	1.55E+15	2.49E+15	4.17E+15
7.11E+00	1.25E+14	2.50E+14	3.74488E+14	1.56E+15	2.50E+15	4.18E+15
7.12E+00	1.25E+14	2.50E+14	3.75237E+14	1.56E+15	2.50E+15	4.20E+15
7.13E+00	1.25E+14	2.51E+14	3.75988E+14	1.57E+15	2.51E+15	4.21E+15
7.14E+00	1.26E+14	2.51E+14	3.7674E+14	1.58E+15	2.51E+15	4.22E+15
7.15E+00	1.26E+14	2.52E+14	3.77493E+14	1.58E+15	2.52E+15	4.23E+15
7.16E+00	1.26E+14	2.52E+14	3.78248E+14	1.59E+15	2.52E+15	4.25E+15
7.17E+00	1.26E+14	2.53E+14	3.79005E+14	1.60E+15	2.53E+15	4.26E+15
7.18E+00	1.27E+14	2.53E+14	3.79763E+14	1.60E+15	2.53E+15	4.27E+15
7.19E+00	1.27E+14	2.54E+14	3.80522E+14	1.61E+15	2.54E+15	4.28E+15
7.20E+00	1.27E+14	2.54E+14	3.81283E+14	1.61E+15	2.54E+15	4.30E+15

